How many countries do you want to add to the list?
10
Adding country with name Puerto Rico to the end of the list.
Adding country with name St. Vincent and the Grenadines to the end of the list.
Adding country with name European Union to the end of the list.
Adding country with name Philippines to the end of the list.
Adding country with name Luxembourg to the end of the list.
Adding country with name Burkina Faso to the end of the list.
Adding country with name European Union to the end of the list.
Adding country with name Bangladesh to the end of the list.
Adding country with name Burkina Faso to the end of the list.
Adding country with name Belarus to the end of the list.

List of countries:
Puerto Rico	0.0	0.0	0.0	0.0	0.0	0.0	0.0	0.0	0.0	0.0	0.0	0.0	0.0	0.0	0.0	0.0	0.0	0.0	0.0	0.0	0.0	0.0	0.0	0.0	0.0	0.0	0.0	0.114236685	0.251646404	0.33269872	0.57899638	0.940707549	1.672777882	2.622388239	4.784861682	7.778517686	8.845403321	9.795459071	15.38576626	21.48996378	34.71439546	42.85358211	43.40052831	45.15286159	48.97574889	53.00157426	58.63957269	65.03405211	68.21954813	72.93243111	79.09024816	83.97889108	82.55282485	83.64642094	87.11106333
St. Vincent and the Grenadines	0.0	0.0	0.0	0.0	0.0	0.0	0.0	0.0	0.0	0.0	0.0	0.0	0.0	0.0	0.0	0.0	0.0	0.0	0.0	0.0	0.0	0.0	0.0	0.0	0.0	0.0	0.0	0.0	0.0	0.0	0.0	0.0	0.064814215	0.076782889	0.138723192	0.198849448	0.259072152	0.320367404	0.694939911	1.316289547	2.188198004	6.937743659	9.229773463	58.06115198	66.32154898	64.93852817	80.46608146	101.326058	119.1832023	110.8605113	120.5596619	120.5309217	116.1090946	114.6334104	105.1622459
European Union	0.0	0.0	0.0	0.0	0.0	0.0	0.0	0.0	0.0	0.0	0.0	0.0	0.0	0.0	0.0	0.0	0.0	0.0	0.0	0.0	0.005064459	0.010455902	0.014641232	0.022017047	0.033736759	0.059970029	0.099394983	0.172494402	0.290883796	0.468609861	0.647271896	0.88803523	1.180245548	1.773778201	2.896911981	4.555055819	7.189007007	11.51481484	19.70441779	33.91179565	53.57287113	64.80565912	70.93170081	77.89306636	85.94063784	95.79155903	105.012288	115.1562612	120.4838915	120.3930815	118.0482008	120.7642756	122.6314962	123.866203	123.3306652
Philippines	0.0	0.0	0.0	0.0	0.0	0.0	0.0	0.0	0.0	0.0	0.0	0.0	0.0	0.0	0.0	0.0	0.0	0.0	0.0	0.0	0.0	0.0	0.0	0.0	0.0	0.0	0.0	0.0	0.0	0.0	0.0	0.054508405	0.086226172	0.153945411	0.252609789	0.70950518	1.347232983	1.84611551	2.330392072	3.749085447	8.311919376	15.33355244	19.00223229	27.24973903	39.1016922	40.52493944	49.06786375	64.52260075	75.37478912	82.26097224	88.98361743	99.09141423	105.4510985	104.5023215	111.2187234
Luxembourg	0.0	0.0	0.0	0.0	0.0	0.0	0.0	0.0	0.0	0.0	0.0	0.0	0.0	0.0	0.0	0.0	0.0	0.0	0.0	0.0	0.0	0.0	0.0	0.0	0.0	0.01090251	0.079204698	0.101055831	0.144873303	0.176060533	0.215825454	0.294804301	0.286150081	1.280710464	3.204244164	6.575491484	10.8694602	16.0027049	30.64574459	48.5058015	69.54055275	92.94015273	106.6458636	120.5827345	104.0863873	111.3909232	152.9357005	143.7137566	145.0821859	144.5446442	143.1426406	148.1506658	145.3599468	148.6426713	149.4892513
Burkina Faso	0.0	0.0	0.0	0.0	0.0	0.0	0.0	0.0	0.0	0.0	0.0	0.0	0.0	0.0	0.0	0.0	0.0	0.0	0.0	0.0	0.0	0.0	0.0	0.0	0.0	0.0	0.0	0.0	0.0	0.0	0.0	0.0	0.0	0.0	0.0	0.0	0.00506143	0.014092851	0.024890963	0.044637705	0.217480374	0.637748952	0.902809026	1.880815092	3.037679629	4.720290206	7.354840819	13.05253397	20.62907931	25.3304628	36.72938024	48.02719397	60.60765215	66.37728295	71.73746951
European Union	0.0	0.0	0.0	0.0	0.0	0.0	0.0	0.0	0.0	0.0	0.0	0.0	0.0	0.0	0.0	0.0	0.0	0.0	0.0	0.0	0.005064459	0.010455902	0.014641232	0.022017047	0.033736759	0.059970029	0.099394983	0.172494402	0.290883796	0.468609861	0.647271896	0.88803523	1.180245548	1.773778201	2.896911981	4.555055819	7.189007007	11.51481484	19.70441779	33.91179565	53.57287113	64.80565912	70.93170081	77.89306636	85.94063784	95.79155903	105.012288	115.1562612	120.4838915	120.3930815	118.0482008	120.7642756	122.6314962	123.866203	123.3306652
Bangladesh	0.0	0.0	0.0	0.0	0.0	0.0	0.0	0.0	0.0	0.0	0.0	0.0	0.0	0.0	0.0	0.0	0.0	0.0	0.0	0.0	0.0	0.0	0.0	0.0	0.0	0.0	0.0	0.0	0.0	0.0	0.0	0.0	2.22359E-4	4.3517E-4	9.40619E-4	0.0020856	0.00326795	0.020809104	0.058833439	0.114644643	0.210751714	0.385958523	0.784635571	0.980702181	1.969454675	6.28776238	13.20573922	23.46762823	30.16828408	34.35334451	44.94535882	55.19256723	62.82023906	74.42964608	80.03535051
Burkina Faso	0.0	0.0	0.0	0.0	0.0	0.0	0.0	0.0	0.0	0.0	0.0	0.0	0.0	0.0	0.0	0.0	0.0	0.0	0.0	0.0	0.0	0.0	0.0	0.0	0.0	0.0	0.0	0.0	0.0	0.0	0.0	0.0	0.0	0.0	0.0	0.0	0.00506143	0.014092851	0.024890963	0.044637705	0.217480374	0.637748952	0.902809026	1.880815092	3.037679629	4.720290206	7.354840819	13.05253397	20.62907931	25.3304628	36.72938024	48.02719397	60.60765215	66.37728295	71.73746951
Belarus	0.0	0.0	0.0	0.0	0.0	0.0	0.0	0.0	0.0	0.0	0.0	0.0	0.0	0.0	0.0	0.0	0.0	0.0	0.0	0.0	0.0	0.0	0.0	0.0	0.0	0.0	0.0	0.0	0.0	0.0	0.0	0.0	0.0	0.003162103	0.016869419	0.057875715	0.064472565	0.080697147	0.120576083	0.23375711	0.494446704	1.394421246	4.695385079	11.42668966	23.03795343	42.41718896	61.95195003	72.61067076	85.05828031	101.6840082	108.8697059	113.1688625	113.5179254	118.786176	122.5011386


Testing copying listOfCountries object...
Puerto Rico	0.0	0.0	0.0	0.0	0.0	0.0	0.0	0.0	0.0	0.0	0.0	0.0	0.0	0.0	0.0	0.0	0.0	0.0	0.0	0.0	0.0	0.0	0.0	0.0	0.0	0.0	0.0	0.114236685	0.251646404	0.33269872	0.57899638	0.940707549	1.672777882	2.622388239	4.784861682	7.778517686	8.845403321	9.795459071	15.38576626	21.48996378	34.71439546	42.85358211	43.40052831	45.15286159	48.97574889	53.00157426	58.63957269	65.03405211	68.21954813	72.93243111	79.09024816	83.97889108	82.55282485	83.64642094	87.11106333
St. Vincent and the Grenadines	0.0	0.0	0.0	0.0	0.0	0.0	0.0	0.0	0.0	0.0	0.0	0.0	0.0	0.0	0.0	0.0	0.0	0.0	0.0	0.0	0.0	0.0	0.0	0.0	0.0	0.0	0.0	0.0	0.0	0.0	0.0	0.0	0.064814215	0.076782889	0.138723192	0.198849448	0.259072152	0.320367404	0.694939911	1.316289547	2.188198004	6.937743659	9.229773463	58.06115198	66.32154898	64.93852817	80.46608146	101.326058	119.1832023	110.8605113	120.5596619	120.5309217	116.1090946	114.6334104	105.1622459
European Union	0.0	0.0	0.0	0.0	0.0	0.0	0.0	0.0	0.0	0.0	0.0	0.0	0.0	0.0	0.0	0.0	0.0	0.0	0.0	0.0	0.005064459	0.010455902	0.014641232	0.022017047	0.033736759	0.059970029	0.099394983	0.172494402	0.290883796	0.468609861	0.647271896	0.88803523	1.180245548	1.773778201	2.896911981	4.555055819	7.189007007	11.51481484	19.70441779	33.91179565	53.57287113	64.80565912	70.93170081	77.89306636	85.94063784	95.79155903	105.012288	115.1562612	120.4838915	120.3930815	118.0482008	120.7642756	122.6314962	123.866203	123.3306652
Philippines	0.0	0.0	0.0	0.0	0.0	0.0	0.0	0.0	0.0	0.0	0.0	0.0	0.0	0.0	0.0	0.0	0.0	0.0	0.0	0.0	0.0	0.0	0.0	0.0	0.0	0.0	0.0	0.0	0.0	0.0	0.0	0.054508405	0.086226172	0.153945411	0.252609789	0.70950518	1.347232983	1.84611551	2.330392072	3.749085447	8.311919376	15.33355244	19.00223229	27.24973903	39.1016922	40.52493944	49.06786375	64.52260075	75.37478912	82.26097224	88.98361743	99.09141423	105.4510985	104.5023215	111.2187234
Luxembourg	0.0	0.0	0.0	0.0	0.0	0.0	0.0	0.0	0.0	0.0	0.0	0.0	0.0	0.0	0.0	0.0	0.0	0.0	0.0	0.0	0.0	0.0	0.0	0.0	0.0	0.01090251	0.079204698	0.101055831	0.144873303	0.176060533	0.215825454	0.294804301	0.286150081	1.280710464	3.204244164	6.575491484	10.8694602	16.0027049	30.64574459	48.5058015	69.54055275	92.94015273	106.6458636	120.5827345	104.0863873	111.3909232	152.9357005	143.7137566	145.0821859	144.5446442	143.1426406	148.1506658	145.3599468	148.6426713	149.4892513
Burkina Faso	0.0	0.0	0.0	0.0	0.0	0.0	0.0	0.0	0.0	0.0	0.0	0.0	0.0	0.0	0.0	0.0	0.0	0.0	0.0	0.0	0.0	0.0	0.0	0.0	0.0	0.0	0.0	0.0	0.0	0.0	0.0	0.0	0.0	0.0	0.0	0.0	0.00506143	0.014092851	0.024890963	0.044637705	0.217480374	0.637748952	0.902809026	1.880815092	3.037679629	4.720290206	7.354840819	13.05253397	20.62907931	25.3304628	36.72938024	48.02719397	60.60765215	66.37728295	71.73746951
European Union	0.0	0.0	0.0	0.0	0.0	0.0	0.0	0.0	0.0	0.0	0.0	0.0	0.0	0.0	0.0	0.0	0.0	0.0	0.0	0.0	0.005064459	0.010455902	0.014641232	0.022017047	0.033736759	0.059970029	0.099394983	0.172494402	0.290883796	0.468609861	0.647271896	0.88803523	1.180245548	1.773778201	2.896911981	4.555055819	7.189007007	11.51481484	19.70441779	33.91179565	53.57287113	64.80565912	70.93170081	77.89306636	85.94063784	95.79155903	105.012288	115.1562612	120.4838915	120.3930815	118.0482008	120.7642756	122.6314962	123.866203	123.3306652
Bangladesh	0.0	0.0	0.0	0.0	0.0	0.0	0.0	0.0	0.0	0.0	0.0	0.0	0.0	0.0	0.0	0.0	0.0	0.0	0.0	0.0	0.0	0.0	0.0	0.0	0.0	0.0	0.0	0.0	0.0	0.0	0.0	0.0	2.22359E-4	4.3517E-4	9.40619E-4	0.0020856	0.00326795	0.020809104	0.058833439	0.114644643	0.210751714	0.385958523	0.784635571	0.980702181	1.969454675	6.28776238	13.20573922	23.46762823	30.16828408	34.35334451	44.94535882	55.19256723	62.82023906	74.42964608	80.03535051
Burkina Faso	0.0	0.0	0.0	0.0	0.0	0.0	0.0	0.0	0.0	0.0	0.0	0.0	0.0	0.0	0.0	0.0	0.0	0.0	0.0	0.0	0.0	0.0	0.0	0.0	0.0	0.0	0.0	0.0	0.0	0.0	0.0	0.0	0.0	0.0	0.0	0.0	0.00506143	0.014092851	0.024890963	0.044637705	0.217480374	0.637748952	0.902809026	1.880815092	3.037679629	4.720290206	7.354840819	13.05253397	20.62907931	25.3304628	36.72938024	48.02719397	60.60765215	66.37728295	71.73746951
Belarus	0.0	0.0	0.0	0.0	0.0	0.0	0.0	0.0	0.0	0.0	0.0	0.0	0.0	0.0	0.0	0.0	0.0	0.0	0.0	0.0	0.0	0.0	0.0	0.0	0.0	0.0	0.0	0.0	0.0	0.0	0.0	0.0	0.0	0.003162103	0.016869419	0.057875715	0.064472565	0.080697147	0.120576083	0.23375711	0.494446704	1.394421246	4.695385079	11.42668966	23.03795343	42.41718896	61.95195003	72.61067076	85.05828031	101.6840082	108.8697059	113.1688625	113.5179254	118.786176	122.5011386
Before modifying copied list.
original list:
Puerto Rico	0.0	0.0	0.0	0.0	0.0	0.0	0.0	0.0	0.0	0.0	0.0	0.0	0.0	0.0	0.0	0.0	0.0	0.0	0.0	0.0	0.0	0.0	0.0	0.0	0.0	0.0	0.0	0.114236685	0.251646404	0.33269872	0.57899638	0.940707549	1.672777882	2.622388239	4.784861682	7.778517686	8.845403321	9.795459071	15.38576626	21.48996378	34.71439546	42.85358211	43.40052831	45.15286159	48.97574889	53.00157426	58.63957269	65.03405211	68.21954813	72.93243111	79.09024816	83.97889108	82.55282485	83.64642094	87.11106333
St. Vincent and the Grenadines	0.0	0.0	0.0	0.0	0.0	0.0	0.0	0.0	0.0	0.0	0.0	0.0	0.0	0.0	0.0	0.0	0.0	0.0	0.0	0.0	0.0	0.0	0.0	0.0	0.0	0.0	0.0	0.0	0.0	0.0	0.0	0.0	0.064814215	0.076782889	0.138723192	0.198849448	0.259072152	0.320367404	0.694939911	1.316289547	2.188198004	6.937743659	9.229773463	58.06115198	66.32154898	64.93852817	80.46608146	101.326058	119.1832023	110.8605113	120.5596619	120.5309217	116.1090946	114.6334104	105.1622459
European Union	0.0	0.0	0.0	0.0	0.0	0.0	0.0	0.0	0.0	0.0	0.0	0.0	0.0	0.0	0.0	0.0	0.0	0.0	0.0	0.0	0.005064459	0.010455902	0.014641232	0.022017047	0.033736759	0.059970029	0.099394983	0.172494402	0.290883796	0.468609861	0.647271896	0.88803523	1.180245548	1.773778201	2.896911981	4.555055819	7.189007007	11.51481484	19.70441779	33.91179565	53.57287113	64.80565912	70.93170081	77.89306636	85.94063784	95.79155903	105.012288	115.1562612	120.4838915	120.3930815	118.0482008	120.7642756	122.6314962	123.866203	123.3306652
Philippines	0.0	0.0	0.0	0.0	0.0	0.0	0.0	0.0	0.0	0.0	0.0	0.0	0.0	0.0	0.0	0.0	0.0	0.0	0.0	0.0	0.0	0.0	0.0	0.0	0.0	0.0	0.0	0.0	0.0	0.0	0.0	0.054508405	0.086226172	0.153945411	0.252609789	0.70950518	1.347232983	1.84611551	2.330392072	3.749085447	8.311919376	15.33355244	19.00223229	27.24973903	39.1016922	40.52493944	49.06786375	64.52260075	75.37478912	82.26097224	88.98361743	99.09141423	105.4510985	104.5023215	111.2187234
Luxembourg	0.0	0.0	0.0	0.0	0.0	0.0	0.0	0.0	0.0	0.0	0.0	0.0	0.0	0.0	0.0	0.0	0.0	0.0	0.0	0.0	0.0	0.0	0.0	0.0	0.0	0.01090251	0.079204698	0.101055831	0.144873303	0.176060533	0.215825454	0.294804301	0.286150081	1.280710464	3.204244164	6.575491484	10.8694602	16.0027049	30.64574459	48.5058015	69.54055275	92.94015273	106.6458636	120.5827345	104.0863873	111.3909232	152.9357005	143.7137566	145.0821859	144.5446442	143.1426406	148.1506658	145.3599468	148.6426713	149.4892513
Burkina Faso	0.0	0.0	0.0	0.0	0.0	0.0	0.0	0.0	0.0	0.0	0.0	0.0	0.0	0.0	0.0	0.0	0.0	0.0	0.0	0.0	0.0	0.0	0.0	0.0	0.0	0.0	0.0	0.0	0.0	0.0	0.0	0.0	0.0	0.0	0.0	0.0	0.00506143	0.014092851	0.024890963	0.044637705	0.217480374	0.637748952	0.902809026	1.880815092	3.037679629	4.720290206	7.354840819	13.05253397	20.62907931	25.3304628	36.72938024	48.02719397	60.60765215	66.37728295	71.73746951
European Union	0.0	0.0	0.0	0.0	0.0	0.0	0.0	0.0	0.0	0.0	0.0	0.0	0.0	0.0	0.0	0.0	0.0	0.0	0.0	0.0	0.005064459	0.010455902	0.014641232	0.022017047	0.033736759	0.059970029	0.099394983	0.172494402	0.290883796	0.468609861	0.647271896	0.88803523	1.180245548	1.773778201	2.896911981	4.555055819	7.189007007	11.51481484	19.70441779	33.91179565	53.57287113	64.80565912	70.93170081	77.89306636	85.94063784	95.79155903	105.012288	115.1562612	120.4838915	120.3930815	118.0482008	120.7642756	122.6314962	123.866203	123.3306652
Bangladesh	0.0	0.0	0.0	0.0	0.0	0.0	0.0	0.0	0.0	0.0	0.0	0.0	0.0	0.0	0.0	0.0	0.0	0.0	0.0	0.0	0.0	0.0	0.0	0.0	0.0	0.0	0.0	0.0	0.0	0.0	0.0	0.0	2.22359E-4	4.3517E-4	9.40619E-4	0.0020856	0.00326795	0.020809104	0.058833439	0.114644643	0.210751714	0.385958523	0.784635571	0.980702181	1.969454675	6.28776238	13.20573922	23.46762823	30.16828408	34.35334451	44.94535882	55.19256723	62.82023906	74.42964608	80.03535051
Burkina Faso	0.0	0.0	0.0	0.0	0.0	0.0	0.0	0.0	0.0	0.0	0.0	0.0	0.0	0.0	0.0	0.0	0.0	0.0	0.0	0.0	0.0	0.0	0.0	0.0	0.0	0.0	0.0	0.0	0.0	0.0	0.0	0.0	0.0	0.0	0.0	0.0	0.00506143	0.014092851	0.024890963	0.044637705	0.217480374	0.637748952	0.902809026	1.880815092	3.037679629	4.720290206	7.354840819	13.05253397	20.62907931	25.3304628	36.72938024	48.02719397	60.60765215	66.37728295	71.73746951
Belarus	0.0	0.0	0.0	0.0	0.0	0.0	0.0	0.0	0.0	0.0	0.0	0.0	0.0	0.0	0.0	0.0	0.0	0.0	0.0	0.0	0.0	0.0	0.0	0.0	0.0	0.0	0.0	0.0	0.0	0.0	0.0	0.0	0.0	0.003162103	0.016869419	0.057875715	0.064472565	0.080697147	0.120576083	0.23375711	0.494446704	1.394421246	4.695385079	11.42668966	23.03795343	42.41718896	61.95195003	72.61067076	85.05828031	101.6840082	108.8697059	113.1688625	113.5179254	118.786176	122.5011386


copied list:
Puerto Rico	0.0	0.0	0.0	0.0	0.0	0.0	0.0	0.0	0.0	0.0	0.0	0.0	0.0	0.0	0.0	0.0	0.0	0.0	0.0	0.0	0.0	0.0	0.0	0.0	0.0	0.0	0.0	0.114236685	0.251646404	0.33269872	0.57899638	0.940707549	1.672777882	2.622388239	4.784861682	7.778517686	8.845403321	9.795459071	15.38576626	21.48996378	34.71439546	42.85358211	43.40052831	45.15286159	48.97574889	53.00157426	58.63957269	65.03405211	68.21954813	72.93243111	79.09024816	83.97889108	82.55282485	83.64642094	87.11106333
St. Vincent and the Grenadines	0.0	0.0	0.0	0.0	0.0	0.0	0.0	0.0	0.0	0.0	0.0	0.0	0.0	0.0	0.0	0.0	0.0	0.0	0.0	0.0	0.0	0.0	0.0	0.0	0.0	0.0	0.0	0.0	0.0	0.0	0.0	0.0	0.064814215	0.076782889	0.138723192	0.198849448	0.259072152	0.320367404	0.694939911	1.316289547	2.188198004	6.937743659	9.229773463	58.06115198	66.32154898	64.93852817	80.46608146	101.326058	119.1832023	110.8605113	120.5596619	120.5309217	116.1090946	114.6334104	105.1622459
European Union	0.0	0.0	0.0	0.0	0.0	0.0	0.0	0.0	0.0	0.0	0.0	0.0	0.0	0.0	0.0	0.0	0.0	0.0	0.0	0.0	0.005064459	0.010455902	0.014641232	0.022017047	0.033736759	0.059970029	0.099394983	0.172494402	0.290883796	0.468609861	0.647271896	0.88803523	1.180245548	1.773778201	2.896911981	4.555055819	7.189007007	11.51481484	19.70441779	33.91179565	53.57287113	64.80565912	70.93170081	77.89306636	85.94063784	95.79155903	105.012288	115.1562612	120.4838915	120.3930815	118.0482008	120.7642756	122.6314962	123.866203	123.3306652
Philippines	0.0	0.0	0.0	0.0	0.0	0.0	0.0	0.0	0.0	0.0	0.0	0.0	0.0	0.0	0.0	0.0	0.0	0.0	0.0	0.0	0.0	0.0	0.0	0.0	0.0	0.0	0.0	0.0	0.0	0.0	0.0	0.054508405	0.086226172	0.153945411	0.252609789	0.70950518	1.347232983	1.84611551	2.330392072	3.749085447	8.311919376	15.33355244	19.00223229	27.24973903	39.1016922	40.52493944	49.06786375	64.52260075	75.37478912	82.26097224	88.98361743	99.09141423	105.4510985	104.5023215	111.2187234
Luxembourg	0.0	0.0	0.0	0.0	0.0	0.0	0.0	0.0	0.0	0.0	0.0	0.0	0.0	0.0	0.0	0.0	0.0	0.0	0.0	0.0	0.0	0.0	0.0	0.0	0.0	0.01090251	0.079204698	0.101055831	0.144873303	0.176060533	0.215825454	0.294804301	0.286150081	1.280710464	3.204244164	6.575491484	10.8694602	16.0027049	30.64574459	48.5058015	69.54055275	92.94015273	106.6458636	120.5827345	104.0863873	111.3909232	152.9357005	143.7137566	145.0821859	144.5446442	143.1426406	148.1506658	145.3599468	148.6426713	149.4892513
Burkina Faso	0.0	0.0	0.0	0.0	0.0	0.0	0.0	0.0	0.0	0.0	0.0	0.0	0.0	0.0	0.0	0.0	0.0	0.0	0.0	0.0	0.0	0.0	0.0	0.0	0.0	0.0	0.0	0.0	0.0	0.0	0.0	0.0	0.0	0.0	0.0	0.0	0.00506143	0.014092851	0.024890963	0.044637705	0.217480374	0.637748952	0.902809026	1.880815092	3.037679629	4.720290206	7.354840819	13.05253397	20.62907931	25.3304628	36.72938024	48.02719397	60.60765215	66.37728295	71.73746951
European Union	0.0	0.0	0.0	0.0	0.0	0.0	0.0	0.0	0.0	0.0	0.0	0.0	0.0	0.0	0.0	0.0	0.0	0.0	0.0	0.0	0.005064459	0.010455902	0.014641232	0.022017047	0.033736759	0.059970029	0.099394983	0.172494402	0.290883796	0.468609861	0.647271896	0.88803523	1.180245548	1.773778201	2.896911981	4.555055819	7.189007007	11.51481484	19.70441779	33.91179565	53.57287113	64.80565912	70.93170081	77.89306636	85.94063784	95.79155903	105.012288	115.1562612	120.4838915	120.3930815	118.0482008	120.7642756	122.6314962	123.866203	123.3306652
Bangladesh	0.0	0.0	0.0	0.0	0.0	0.0	0.0	0.0	0.0	0.0	0.0	0.0	0.0	0.0	0.0	0.0	0.0	0.0	0.0	0.0	0.0	0.0	0.0	0.0	0.0	0.0	0.0	0.0	0.0	0.0	0.0	0.0	2.22359E-4	4.3517E-4	9.40619E-4	0.0020856	0.00326795	0.020809104	0.058833439	0.114644643	0.210751714	0.385958523	0.784635571	0.980702181	1.969454675	6.28776238	13.20573922	23.46762823	30.16828408	34.35334451	44.94535882	55.19256723	62.82023906	74.42964608	80.03535051
Burkina Faso	0.0	0.0	0.0	0.0	0.0	0.0	0.0	0.0	0.0	0.0	0.0	0.0	0.0	0.0	0.0	0.0	0.0	0.0	0.0	0.0	0.0	0.0	0.0	0.0	0.0	0.0	0.0	0.0	0.0	0.0	0.0	0.0	0.0	0.0	0.0	0.0	0.00506143	0.014092851	0.024890963	0.044637705	0.217480374	0.637748952	0.902809026	1.880815092	3.037679629	4.720290206	7.354840819	13.05253397	20.62907931	25.3304628	36.72938024	48.02719397	60.60765215	66.37728295	71.73746951
Belarus	0.0	0.0	0.0	0.0	0.0	0.0	0.0	0.0	0.0	0.0	0.0	0.0	0.0	0.0	0.0	0.0	0.0	0.0	0.0	0.0	0.0	0.0	0.0	0.0	0.0	0.0	0.0	0.0	0.0	0.0	0.0	0.0	0.0	0.003162103	0.016869419	0.057875715	0.064472565	0.080697147	0.120576083	0.23375711	0.494446704	1.394421246	4.695385079	11.42668966	23.03795343	42.41718896	61.95195003	72.61067076	85.05828031	101.6840082	108.8697059	113.1688625	113.5179254	118.786176	122.5011386


Which index in the list do you want to modify the name?
0
Name modified from Puerto Rico to PUERTO RICO
original list: Puerto Rico	0.0	0.0	0.0	0.0	0.0	0.0	0.0	0.0	0.0	0.0	0.0	0.0	0.0	0.0	0.0	0.0	0.0	0.0	0.0	0.0	0.0	0.0	0.0	0.0	0.0	0.0	0.0	0.114236685	0.251646404	0.33269872	0.57899638	0.940707549	1.672777882	2.622388239	4.784861682	7.778517686	8.845403321	9.795459071	15.38576626	21.48996378	34.71439546	42.85358211	43.40052831	45.15286159	48.97574889	53.00157426	58.63957269	65.03405211	68.21954813	72.93243111	79.09024816	83.97889108	82.55282485	83.64642094	87.11106333
St. Vincent and the Grenadines	0.0	0.0	0.0	0.0	0.0	0.0	0.0	0.0	0.0	0.0	0.0	0.0	0.0	0.0	0.0	0.0	0.0	0.0	0.0	0.0	0.0	0.0	0.0	0.0	0.0	0.0	0.0	0.0	0.0	0.0	0.0	0.0	0.064814215	0.076782889	0.138723192	0.198849448	0.259072152	0.320367404	0.694939911	1.316289547	2.188198004	6.937743659	9.229773463	58.06115198	66.32154898	64.93852817	80.46608146	101.326058	119.1832023	110.8605113	120.5596619	120.5309217	116.1090946	114.6334104	105.1622459
European Union	0.0	0.0	0.0	0.0	0.0	0.0	0.0	0.0	0.0	0.0	0.0	0.0	0.0	0.0	0.0	0.0	0.0	0.0	0.0	0.0	0.005064459	0.010455902	0.014641232	0.022017047	0.033736759	0.059970029	0.099394983	0.172494402	0.290883796	0.468609861	0.647271896	0.88803523	1.180245548	1.773778201	2.896911981	4.555055819	7.189007007	11.51481484	19.70441779	33.91179565	53.57287113	64.80565912	70.93170081	77.89306636	85.94063784	95.79155903	105.012288	115.1562612	120.4838915	120.3930815	118.0482008	120.7642756	122.6314962	123.866203	123.3306652
Philippines	0.0	0.0	0.0	0.0	0.0	0.0	0.0	0.0	0.0	0.0	0.0	0.0	0.0	0.0	0.0	0.0	0.0	0.0	0.0	0.0	0.0	0.0	0.0	0.0	0.0	0.0	0.0	0.0	0.0	0.0	0.0	0.054508405	0.086226172	0.153945411	0.252609789	0.70950518	1.347232983	1.84611551	2.330392072	3.749085447	8.311919376	15.33355244	19.00223229	27.24973903	39.1016922	40.52493944	49.06786375	64.52260075	75.37478912	82.26097224	88.98361743	99.09141423	105.4510985	104.5023215	111.2187234
Luxembourg	0.0	0.0	0.0	0.0	0.0	0.0	0.0	0.0	0.0	0.0	0.0	0.0	0.0	0.0	0.0	0.0	0.0	0.0	0.0	0.0	0.0	0.0	0.0	0.0	0.0	0.01090251	0.079204698	0.101055831	0.144873303	0.176060533	0.215825454	0.294804301	0.286150081	1.280710464	3.204244164	6.575491484	10.8694602	16.0027049	30.64574459	48.5058015	69.54055275	92.94015273	106.6458636	120.5827345	104.0863873	111.3909232	152.9357005	143.7137566	145.0821859	144.5446442	143.1426406	148.1506658	145.3599468	148.6426713	149.4892513
Burkina Faso	0.0	0.0	0.0	0.0	0.0	0.0	0.0	0.0	0.0	0.0	0.0	0.0	0.0	0.0	0.0	0.0	0.0	0.0	0.0	0.0	0.0	0.0	0.0	0.0	0.0	0.0	0.0	0.0	0.0	0.0	0.0	0.0	0.0	0.0	0.0	0.0	0.00506143	0.014092851	0.024890963	0.044637705	0.217480374	0.637748952	0.902809026	1.880815092	3.037679629	4.720290206	7.354840819	13.05253397	20.62907931	25.3304628	36.72938024	48.02719397	60.60765215	66.37728295	71.73746951
European Union	0.0	0.0	0.0	0.0	0.0	0.0	0.0	0.0	0.0	0.0	0.0	0.0	0.0	0.0	0.0	0.0	0.0	0.0	0.0	0.0	0.005064459	0.010455902	0.014641232	0.022017047	0.033736759	0.059970029	0.099394983	0.172494402	0.290883796	0.468609861	0.647271896	0.88803523	1.180245548	1.773778201	2.896911981	4.555055819	7.189007007	11.51481484	19.70441779	33.91179565	53.57287113	64.80565912	70.93170081	77.89306636	85.94063784	95.79155903	105.012288	115.1562612	120.4838915	120.3930815	118.0482008	120.7642756	122.6314962	123.866203	123.3306652
Bangladesh	0.0	0.0	0.0	0.0	0.0	0.0	0.0	0.0	0.0	0.0	0.0	0.0	0.0	0.0	0.0	0.0	0.0	0.0	0.0	0.0	0.0	0.0	0.0	0.0	0.0	0.0	0.0	0.0	0.0	0.0	0.0	0.0	2.22359E-4	4.3517E-4	9.40619E-4	0.0020856	0.00326795	0.020809104	0.058833439	0.114644643	0.210751714	0.385958523	0.784635571	0.980702181	1.969454675	6.28776238	13.20573922	23.46762823	30.16828408	34.35334451	44.94535882	55.19256723	62.82023906	74.42964608	80.03535051
Burkina Faso	0.0	0.0	0.0	0.0	0.0	0.0	0.0	0.0	0.0	0.0	0.0	0.0	0.0	0.0	0.0	0.0	0.0	0.0	0.0	0.0	0.0	0.0	0.0	0.0	0.0	0.0	0.0	0.0	0.0	0.0	0.0	0.0	0.0	0.0	0.0	0.0	0.00506143	0.014092851	0.024890963	0.044637705	0.217480374	0.637748952	0.902809026	1.880815092	3.037679629	4.720290206	7.354840819	13.05253397	20.62907931	25.3304628	36.72938024	48.02719397	60.60765215	66.37728295	71.73746951
Belarus	0.0	0.0	0.0	0.0	0.0	0.0	0.0	0.0	0.0	0.0	0.0	0.0	0.0	0.0	0.0	0.0	0.0	0.0	0.0	0.0	0.0	0.0	0.0	0.0	0.0	0.0	0.0	0.0	0.0	0.0	0.0	0.0	0.0	0.003162103	0.016869419	0.057875715	0.064472565	0.080697147	0.120576083	0.23375711	0.494446704	1.394421246	4.695385079	11.42668966	23.03795343	42.41718896	61.95195003	72.61067076	85.05828031	101.6840082	108.8697059	113.1688625	113.5179254	118.786176	122.5011386


copied list: PUERTO RICO	0.0	0.0	0.0	0.0	0.0	0.0	0.0	0.0	0.0	0.0	0.0	0.0	0.0	0.0	0.0	0.0	0.0	0.0	0.0	0.0	0.0	0.0	0.0	0.0	0.0	0.0	0.0	0.114236685	0.251646404	0.33269872	0.57899638	0.940707549	1.672777882	2.622388239	4.784861682	7.778517686	8.845403321	9.795459071	15.38576626	21.48996378	34.71439546	42.85358211	43.40052831	45.15286159	48.97574889	53.00157426	58.63957269	65.03405211	68.21954813	72.93243111	79.09024816	83.97889108	82.55282485	83.64642094	87.11106333
St. Vincent and the Grenadines	0.0	0.0	0.0	0.0	0.0	0.0	0.0	0.0	0.0	0.0	0.0	0.0	0.0	0.0	0.0	0.0	0.0	0.0	0.0	0.0	0.0	0.0	0.0	0.0	0.0	0.0	0.0	0.0	0.0	0.0	0.0	0.0	0.064814215	0.076782889	0.138723192	0.198849448	0.259072152	0.320367404	0.694939911	1.316289547	2.188198004	6.937743659	9.229773463	58.06115198	66.32154898	64.93852817	80.46608146	101.326058	119.1832023	110.8605113	120.5596619	120.5309217	116.1090946	114.6334104	105.1622459
European Union	0.0	0.0	0.0	0.0	0.0	0.0	0.0	0.0	0.0	0.0	0.0	0.0	0.0	0.0	0.0	0.0	0.0	0.0	0.0	0.0	0.005064459	0.010455902	0.014641232	0.022017047	0.033736759	0.059970029	0.099394983	0.172494402	0.290883796	0.468609861	0.647271896	0.88803523	1.180245548	1.773778201	2.896911981	4.555055819	7.189007007	11.51481484	19.70441779	33.91179565	53.57287113	64.80565912	70.93170081	77.89306636	85.94063784	95.79155903	105.012288	115.1562612	120.4838915	120.3930815	118.0482008	120.7642756	122.6314962	123.866203	123.3306652
Philippines	0.0	0.0	0.0	0.0	0.0	0.0	0.0	0.0	0.0	0.0	0.0	0.0	0.0	0.0	0.0	0.0	0.0	0.0	0.0	0.0	0.0	0.0	0.0	0.0	0.0	0.0	0.0	0.0	0.0	0.0	0.0	0.054508405	0.086226172	0.153945411	0.252609789	0.70950518	1.347232983	1.84611551	2.330392072	3.749085447	8.311919376	15.33355244	19.00223229	27.24973903	39.1016922	40.52493944	49.06786375	64.52260075	75.37478912	82.26097224	88.98361743	99.09141423	105.4510985	104.5023215	111.2187234
Luxembourg	0.0	0.0	0.0	0.0	0.0	0.0	0.0	0.0	0.0	0.0	0.0	0.0	0.0	0.0	0.0	0.0	0.0	0.0	0.0	0.0	0.0	0.0	0.0	0.0	0.0	0.01090251	0.079204698	0.101055831	0.144873303	0.176060533	0.215825454	0.294804301	0.286150081	1.280710464	3.204244164	6.575491484	10.8694602	16.0027049	30.64574459	48.5058015	69.54055275	92.94015273	106.6458636	120.5827345	104.0863873	111.3909232	152.9357005	143.7137566	145.0821859	144.5446442	143.1426406	148.1506658	145.3599468	148.6426713	149.4892513
Burkina Faso	0.0	0.0	0.0	0.0	0.0	0.0	0.0	0.0	0.0	0.0	0.0	0.0	0.0	0.0	0.0	0.0	0.0	0.0	0.0	0.0	0.0	0.0	0.0	0.0	0.0	0.0	0.0	0.0	0.0	0.0	0.0	0.0	0.0	0.0	0.0	0.0	0.00506143	0.014092851	0.024890963	0.044637705	0.217480374	0.637748952	0.902809026	1.880815092	3.037679629	4.720290206	7.354840819	13.05253397	20.62907931	25.3304628	36.72938024	48.02719397	60.60765215	66.37728295	71.73746951
European Union	0.0	0.0	0.0	0.0	0.0	0.0	0.0	0.0	0.0	0.0	0.0	0.0	0.0	0.0	0.0	0.0	0.0	0.0	0.0	0.0	0.005064459	0.010455902	0.014641232	0.022017047	0.033736759	0.059970029	0.099394983	0.172494402	0.290883796	0.468609861	0.647271896	0.88803523	1.180245548	1.773778201	2.896911981	4.555055819	7.189007007	11.51481484	19.70441779	33.91179565	53.57287113	64.80565912	70.93170081	77.89306636	85.94063784	95.79155903	105.012288	115.1562612	120.4838915	120.3930815	118.0482008	120.7642756	122.6314962	123.866203	123.3306652
Bangladesh	0.0	0.0	0.0	0.0	0.0	0.0	0.0	0.0	0.0	0.0	0.0	0.0	0.0	0.0	0.0	0.0	0.0	0.0	0.0	0.0	0.0	0.0	0.0	0.0	0.0	0.0	0.0	0.0	0.0	0.0	0.0	0.0	2.22359E-4	4.3517E-4	9.40619E-4	0.0020856	0.00326795	0.020809104	0.058833439	0.114644643	0.210751714	0.385958523	0.784635571	0.980702181	1.969454675	6.28776238	13.20573922	23.46762823	30.16828408	34.35334451	44.94535882	55.19256723	62.82023906	74.42964608	80.03535051
Burkina Faso	0.0	0.0	0.0	0.0	0.0	0.0	0.0	0.0	0.0	0.0	0.0	0.0	0.0	0.0	0.0	0.0	0.0	0.0	0.0	0.0	0.0	0.0	0.0	0.0	0.0	0.0	0.0	0.0	0.0	0.0	0.0	0.0	0.0	0.0	0.0	0.0	0.00506143	0.014092851	0.024890963	0.044637705	0.217480374	0.637748952	0.902809026	1.880815092	3.037679629	4.720290206	7.354840819	13.05253397	20.62907931	25.3304628	36.72938024	48.02719397	60.60765215	66.37728295	71.73746951
Belarus	0.0	0.0	0.0	0.0	0.0	0.0	0.0	0.0	0.0	0.0	0.0	0.0	0.0	0.0	0.0	0.0	0.0	0.0	0.0	0.0	0.0	0.0	0.0	0.0	0.0	0.0	0.0	0.0	0.0	0.0	0.0	0.0	0.0	0.003162103	0.016869419	0.057875715	0.064472565	0.080697147	0.120576083	0.23375711	0.494446704	1.394421246	4.695385079	11.42668966	23.03795343	42.41718896	61.95195003	72.61067076	85.05828031	101.6840082	108.8697059	113.1688625	113.5179254	118.786176	122.5011386


Which index in the list do you want to modify the subscriptions?
1
Added 99999 to each subscription year
original list: Puerto Rico	0.0	0.0	0.0	0.0	0.0	0.0	0.0	0.0	0.0	0.0	0.0	0.0	0.0	0.0	0.0	0.0	0.0	0.0	0.0	0.0	0.0	0.0	0.0	0.0	0.0	0.0	0.0	0.114236685	0.251646404	0.33269872	0.57899638	0.940707549	1.672777882	2.622388239	4.784861682	7.778517686	8.845403321	9.795459071	15.38576626	21.48996378	34.71439546	42.85358211	43.40052831	45.15286159	48.97574889	53.00157426	58.63957269	65.03405211	68.21954813	72.93243111	79.09024816	83.97889108	82.55282485	83.64642094	87.11106333
St. Vincent and the Grenadines	0.0	0.0	0.0	0.0	0.0	0.0	0.0	0.0	0.0	0.0	0.0	0.0	0.0	0.0	0.0	0.0	0.0	0.0	0.0	0.0	0.0	0.0	0.0	0.0	0.0	0.0	0.0	0.0	0.0	0.0	0.0	0.0	0.064814215	0.076782889	0.138723192	0.198849448	0.259072152	0.320367404	0.694939911	1.316289547	2.188198004	6.937743659	9.229773463	58.06115198	66.32154898	64.93852817	80.46608146	101.326058	119.1832023	110.8605113	120.5596619	120.5309217	116.1090946	114.6334104	105.1622459
European Union	0.0	0.0	0.0	0.0	0.0	0.0	0.0	0.0	0.0	0.0	0.0	0.0	0.0	0.0	0.0	0.0	0.0	0.0	0.0	0.0	0.005064459	0.010455902	0.014641232	0.022017047	0.033736759	0.059970029	0.099394983	0.172494402	0.290883796	0.468609861	0.647271896	0.88803523	1.180245548	1.773778201	2.896911981	4.555055819	7.189007007	11.51481484	19.70441779	33.91179565	53.57287113	64.80565912	70.93170081	77.89306636	85.94063784	95.79155903	105.012288	115.1562612	120.4838915	120.3930815	118.0482008	120.7642756	122.6314962	123.866203	123.3306652
Philippines	0.0	0.0	0.0	0.0	0.0	0.0	0.0	0.0	0.0	0.0	0.0	0.0	0.0	0.0	0.0	0.0	0.0	0.0	0.0	0.0	0.0	0.0	0.0	0.0	0.0	0.0	0.0	0.0	0.0	0.0	0.0	0.054508405	0.086226172	0.153945411	0.252609789	0.70950518	1.347232983	1.84611551	2.330392072	3.749085447	8.311919376	15.33355244	19.00223229	27.24973903	39.1016922	40.52493944	49.06786375	64.52260075	75.37478912	82.26097224	88.98361743	99.09141423	105.4510985	104.5023215	111.2187234
Luxembourg	0.0	0.0	0.0	0.0	0.0	0.0	0.0	0.0	0.0	0.0	0.0	0.0	0.0	0.0	0.0	0.0	0.0	0.0	0.0	0.0	0.0	0.0	0.0	0.0	0.0	0.01090251	0.079204698	0.101055831	0.144873303	0.176060533	0.215825454	0.294804301	0.286150081	1.280710464	3.204244164	6.575491484	10.8694602	16.0027049	30.64574459	48.5058015	69.54055275	92.94015273	106.6458636	120.5827345	104.0863873	111.3909232	152.9357005	143.7137566	145.0821859	144.5446442	143.1426406	148.1506658	145.3599468	148.6426713	149.4892513
Burkina Faso	0.0	0.0	0.0	0.0	0.0	0.0	0.0	0.0	0.0	0.0	0.0	0.0	0.0	0.0	0.0	0.0	0.0	0.0	0.0	0.0	0.0	0.0	0.0	0.0	0.0	0.0	0.0	0.0	0.0	0.0	0.0	0.0	0.0	0.0	0.0	0.0	0.00506143	0.014092851	0.024890963	0.044637705	0.217480374	0.637748952	0.902809026	1.880815092	3.037679629	4.720290206	7.354840819	13.05253397	20.62907931	25.3304628	36.72938024	48.02719397	60.60765215	66.37728295	71.73746951
European Union	0.0	0.0	0.0	0.0	0.0	0.0	0.0	0.0	0.0	0.0	0.0	0.0	0.0	0.0	0.0	0.0	0.0	0.0	0.0	0.0	0.005064459	0.010455902	0.014641232	0.022017047	0.033736759	0.059970029	0.099394983	0.172494402	0.290883796	0.468609861	0.647271896	0.88803523	1.180245548	1.773778201	2.896911981	4.555055819	7.189007007	11.51481484	19.70441779	33.91179565	53.57287113	64.80565912	70.93170081	77.89306636	85.94063784	95.79155903	105.012288	115.1562612	120.4838915	120.3930815	118.0482008	120.7642756	122.6314962	123.866203	123.3306652
Bangladesh	0.0	0.0	0.0	0.0	0.0	0.0	0.0	0.0	0.0	0.0	0.0	0.0	0.0	0.0	0.0	0.0	0.0	0.0	0.0	0.0	0.0	0.0	0.0	0.0	0.0	0.0	0.0	0.0	0.0	0.0	0.0	0.0	2.22359E-4	4.3517E-4	9.40619E-4	0.0020856	0.00326795	0.020809104	0.058833439	0.114644643	0.210751714	0.385958523	0.784635571	0.980702181	1.969454675	6.28776238	13.20573922	23.46762823	30.16828408	34.35334451	44.94535882	55.19256723	62.82023906	74.42964608	80.03535051
Burkina Faso	0.0	0.0	0.0	0.0	0.0	0.0	0.0	0.0	0.0	0.0	0.0	0.0	0.0	0.0	0.0	0.0	0.0	0.0	0.0	0.0	0.0	0.0	0.0	0.0	0.0	0.0	0.0	0.0	0.0	0.0	0.0	0.0	0.0	0.0	0.0	0.0	0.00506143	0.014092851	0.024890963	0.044637705	0.217480374	0.637748952	0.902809026	1.880815092	3.037679629	4.720290206	7.354840819	13.05253397	20.62907931	25.3304628	36.72938024	48.02719397	60.60765215	66.37728295	71.73746951
Belarus	0.0	0.0	0.0	0.0	0.0	0.0	0.0	0.0	0.0	0.0	0.0	0.0	0.0	0.0	0.0	0.0	0.0	0.0	0.0	0.0	0.0	0.0	0.0	0.0	0.0	0.0	0.0	0.0	0.0	0.0	0.0	0.0	0.0	0.003162103	0.016869419	0.057875715	0.064472565	0.080697147	0.120576083	0.23375711	0.494446704	1.394421246	4.695385079	11.42668966	23.03795343	42.41718896	61.95195003	72.61067076	85.05828031	101.6840082	108.8697059	113.1688625	113.5179254	118.786176	122.5011386

copied list: PUERTO RICO	0.0	0.0	0.0	0.0	0.0	0.0	0.0	0.0	0.0	0.0	0.0	0.0	0.0	0.0	0.0	0.0	0.0	0.0	0.0	0.0	0.0	0.0	0.0	0.0	0.0	0.0	0.0	0.114236685	0.251646404	0.33269872	0.57899638	0.940707549	1.672777882	2.622388239	4.784861682	7.778517686	8.845403321	9.795459071	15.38576626	21.48996378	34.71439546	42.85358211	43.40052831	45.15286159	48.97574889	53.00157426	58.63957269	65.03405211	68.21954813	72.93243111	79.09024816	83.97889108	82.55282485	83.64642094	87.11106333
St. Vincent and the Grenadines	99999.0	99999.0	99999.0	99999.0	99999.0	99999.0	99999.0	99999.0	99999.0	99999.0	99999.0	99999.0	99999.0	99999.0	99999.0	99999.0	99999.0	99999.0	99999.0	99999.0	99999.0	99999.0	99999.0	99999.0	99999.0	99999.0	99999.0	99999.0	99999.0	99999.0	99999.0	99999.0	99999.064814215	99999.076782889	99999.138723192	99999.198849448	99999.259072152	99999.320367404	99999.694939911	100000.316289547	100001.188198004	100005.937743659	100008.229773463	100057.06115198	100065.32154898	100063.93852817	100079.46608146	100100.326058	100118.1832023	100109.8605113	100119.5596619	100119.5309217	100115.1090946	100113.6334104	100104.1622459
European Union	0.0	0.0	0.0	0.0	0.0	0.0	0.0	0.0	0.0	0.0	0.0	0.0	0.0	0.0	0.0	0.0	0.0	0.0	0.0	0.0	0.005064459	0.010455902	0.014641232	0.022017047	0.033736759	0.059970029	0.099394983	0.172494402	0.290883796	0.468609861	0.647271896	0.88803523	1.180245548	1.773778201	2.896911981	4.555055819	7.189007007	11.51481484	19.70441779	33.91179565	53.57287113	64.80565912	70.93170081	77.89306636	85.94063784	95.79155903	105.012288	115.1562612	120.4838915	120.3930815	118.0482008	120.7642756	122.6314962	123.866203	123.3306652
Philippines	0.0	0.0	0.0	0.0	0.0	0.0	0.0	0.0	0.0	0.0	0.0	0.0	0.0	0.0	0.0	0.0	0.0	0.0	0.0	0.0	0.0	0.0	0.0	0.0	0.0	0.0	0.0	0.0	0.0	0.0	0.0	0.054508405	0.086226172	0.153945411	0.252609789	0.70950518	1.347232983	1.84611551	2.330392072	3.749085447	8.311919376	15.33355244	19.00223229	27.24973903	39.1016922	40.52493944	49.06786375	64.52260075	75.37478912	82.26097224	88.98361743	99.09141423	105.4510985	104.5023215	111.2187234
Luxembourg	0.0	0.0	0.0	0.0	0.0	0.0	0.0	0.0	0.0	0.0	0.0	0.0	0.0	0.0	0.0	0.0	0.0	0.0	0.0	0.0	0.0	0.0	0.0	0.0	0.0	0.01090251	0.079204698	0.101055831	0.144873303	0.176060533	0.215825454	0.294804301	0.286150081	1.280710464	3.204244164	6.575491484	10.8694602	16.0027049	30.64574459	48.5058015	69.54055275	92.94015273	106.6458636	120.5827345	104.0863873	111.3909232	152.9357005	143.7137566	145.0821859	144.5446442	143.1426406	148.1506658	145.3599468	148.6426713	149.4892513
Burkina Faso	0.0	0.0	0.0	0.0	0.0	0.0	0.0	0.0	0.0	0.0	0.0	0.0	0.0	0.0	0.0	0.0	0.0	0.0	0.0	0.0	0.0	0.0	0.0	0.0	0.0	0.0	0.0	0.0	0.0	0.0	0.0	0.0	0.0	0.0	0.0	0.0	0.00506143	0.014092851	0.024890963	0.044637705	0.217480374	0.637748952	0.902809026	1.880815092	3.037679629	4.720290206	7.354840819	13.05253397	20.62907931	25.3304628	36.72938024	48.02719397	60.60765215	66.37728295	71.73746951
European Union	0.0	0.0	0.0	0.0	0.0	0.0	0.0	0.0	0.0	0.0	0.0	0.0	0.0	0.0	0.0	0.0	0.0	0.0	0.0	0.0	0.005064459	0.010455902	0.014641232	0.022017047	0.033736759	0.059970029	0.099394983	0.172494402	0.290883796	0.468609861	0.647271896	0.88803523	1.180245548	1.773778201	2.896911981	4.555055819	7.189007007	11.51481484	19.70441779	33.91179565	53.57287113	64.80565912	70.93170081	77.89306636	85.94063784	95.79155903	105.012288	115.1562612	120.4838915	120.3930815	118.0482008	120.7642756	122.6314962	123.866203	123.3306652
Bangladesh	0.0	0.0	0.0	0.0	0.0	0.0	0.0	0.0	0.0	0.0	0.0	0.0	0.0	0.0	0.0	0.0	0.0	0.0	0.0	0.0	0.0	0.0	0.0	0.0	0.0	0.0	0.0	0.0	0.0	0.0	0.0	0.0	2.22359E-4	4.3517E-4	9.40619E-4	0.0020856	0.00326795	0.020809104	0.058833439	0.114644643	0.210751714	0.385958523	0.784635571	0.980702181	1.969454675	6.28776238	13.20573922	23.46762823	30.16828408	34.35334451	44.94535882	55.19256723	62.82023906	74.42964608	80.03535051
Burkina Faso	0.0	0.0	0.0	0.0	0.0	0.0	0.0	0.0	0.0	0.0	0.0	0.0	0.0	0.0	0.0	0.0	0.0	0.0	0.0	0.0	0.0	0.0	0.0	0.0	0.0	0.0	0.0	0.0	0.0	0.0	0.0	0.0	0.0	0.0	0.0	0.0	0.00506143	0.014092851	0.024890963	0.044637705	0.217480374	0.637748952	0.902809026	1.880815092	3.037679629	4.720290206	7.354840819	13.05253397	20.62907931	25.3304628	36.72938024	48.02719397	60.60765215	66.37728295	71.73746951
Belarus	0.0	0.0	0.0	0.0	0.0	0.0	0.0	0.0	0.0	0.0	0.0	0.0	0.0	0.0	0.0	0.0	0.0	0.0	0.0	0.0	0.0	0.0	0.0	0.0	0.0	0.0	0.0	0.0	0.0	0.0	0.0	0.0	0.0	0.003162103	0.016869419	0.057875715	0.064472565	0.080697147	0.120576083	0.23375711	0.494446704	1.394421246	4.695385079	11.42668966	23.03795343	42.41718896	61.95195003	72.61067076	85.05828031	101.6840082	108.8697059	113.1688625	113.5179254	118.786176	122.5011386


Replaced index 7 with country named Least developed countries: UN classification
original list: Puerto Rico	0.0	0.0	0.0	0.0	0.0	0.0	0.0	0.0	0.0	0.0	0.0	0.0	0.0	0.0	0.0	0.0	0.0	0.0	0.0	0.0	0.0	0.0	0.0	0.0	0.0	0.0	0.0	0.114236685	0.251646404	0.33269872	0.57899638	0.940707549	1.672777882	2.622388239	4.784861682	7.778517686	8.845403321	9.795459071	15.38576626	21.48996378	34.71439546	42.85358211	43.40052831	45.15286159	48.97574889	53.00157426	58.63957269	65.03405211	68.21954813	72.93243111	79.09024816	83.97889108	82.55282485	83.64642094	87.11106333
St. Vincent and the Grenadines	0.0	0.0	0.0	0.0	0.0	0.0	0.0	0.0	0.0	0.0	0.0	0.0	0.0	0.0	0.0	0.0	0.0	0.0	0.0	0.0	0.0	0.0	0.0	0.0	0.0	0.0	0.0	0.0	0.0	0.0	0.0	0.0	0.064814215	0.076782889	0.138723192	0.198849448	0.259072152	0.320367404	0.694939911	1.316289547	2.188198004	6.937743659	9.229773463	58.06115198	66.32154898	64.93852817	80.46608146	101.326058	119.1832023	110.8605113	120.5596619	120.5309217	116.1090946	114.6334104	105.1622459
European Union	0.0	0.0	0.0	0.0	0.0	0.0	0.0	0.0	0.0	0.0	0.0	0.0	0.0	0.0	0.0	0.0	0.0	0.0	0.0	0.0	0.005064459	0.010455902	0.014641232	0.022017047	0.033736759	0.059970029	0.099394983	0.172494402	0.290883796	0.468609861	0.647271896	0.88803523	1.180245548	1.773778201	2.896911981	4.555055819	7.189007007	11.51481484	19.70441779	33.91179565	53.57287113	64.80565912	70.93170081	77.89306636	85.94063784	95.79155903	105.012288	115.1562612	120.4838915	120.3930815	118.0482008	120.7642756	122.6314962	123.866203	123.3306652
Philippines	0.0	0.0	0.0	0.0	0.0	0.0	0.0	0.0	0.0	0.0	0.0	0.0	0.0	0.0	0.0	0.0	0.0	0.0	0.0	0.0	0.0	0.0	0.0	0.0	0.0	0.0	0.0	0.0	0.0	0.0	0.0	0.054508405	0.086226172	0.153945411	0.252609789	0.70950518	1.347232983	1.84611551	2.330392072	3.749085447	8.311919376	15.33355244	19.00223229	27.24973903	39.1016922	40.52493944	49.06786375	64.52260075	75.37478912	82.26097224	88.98361743	99.09141423	105.4510985	104.5023215	111.2187234
Luxembourg	0.0	0.0	0.0	0.0	0.0	0.0	0.0	0.0	0.0	0.0	0.0	0.0	0.0	0.0	0.0	0.0	0.0	0.0	0.0	0.0	0.0	0.0	0.0	0.0	0.0	0.01090251	0.079204698	0.101055831	0.144873303	0.176060533	0.215825454	0.294804301	0.286150081	1.280710464	3.204244164	6.575491484	10.8694602	16.0027049	30.64574459	48.5058015	69.54055275	92.94015273	106.6458636	120.5827345	104.0863873	111.3909232	152.9357005	143.7137566	145.0821859	144.5446442	143.1426406	148.1506658	145.3599468	148.6426713	149.4892513
Burkina Faso	0.0	0.0	0.0	0.0	0.0	0.0	0.0	0.0	0.0	0.0	0.0	0.0	0.0	0.0	0.0	0.0	0.0	0.0	0.0	0.0	0.0	0.0	0.0	0.0	0.0	0.0	0.0	0.0	0.0	0.0	0.0	0.0	0.0	0.0	0.0	0.0	0.00506143	0.014092851	0.024890963	0.044637705	0.217480374	0.637748952	0.902809026	1.880815092	3.037679629	4.720290206	7.354840819	13.05253397	20.62907931	25.3304628	36.72938024	48.02719397	60.60765215	66.37728295	71.73746951
European Union	0.0	0.0	0.0	0.0	0.0	0.0	0.0	0.0	0.0	0.0	0.0	0.0	0.0	0.0	0.0	0.0	0.0	0.0	0.0	0.0	0.005064459	0.010455902	0.014641232	0.022017047	0.033736759	0.059970029	0.099394983	0.172494402	0.290883796	0.468609861	0.647271896	0.88803523	1.180245548	1.773778201	2.896911981	4.555055819	7.189007007	11.51481484	19.70441779	33.91179565	53.57287113	64.80565912	70.93170081	77.89306636	85.94063784	95.79155903	105.012288	115.1562612	120.4838915	120.3930815	118.0482008	120.7642756	122.6314962	123.866203	123.3306652
Bangladesh	0.0	0.0	0.0	0.0	0.0	0.0	0.0	0.0	0.0	0.0	0.0	0.0	0.0	0.0	0.0	0.0	0.0	0.0	0.0	0.0	0.0	0.0	0.0	0.0	0.0	0.0	0.0	0.0	0.0	0.0	0.0	0.0	2.22359E-4	4.3517E-4	9.40619E-4	0.0020856	0.00326795	0.020809104	0.058833439	0.114644643	0.210751714	0.385958523	0.784635571	0.980702181	1.969454675	6.28776238	13.20573922	23.46762823	30.16828408	34.35334451	44.94535882	55.19256723	62.82023906	74.42964608	80.03535051
Burkina Faso	0.0	0.0	0.0	0.0	0.0	0.0	0.0	0.0	0.0	0.0	0.0	0.0	0.0	0.0	0.0	0.0	0.0	0.0	0.0	0.0	0.0	0.0	0.0	0.0	0.0	0.0	0.0	0.0	0.0	0.0	0.0	0.0	0.0	0.0	0.0	0.0	0.00506143	0.014092851	0.024890963	0.044637705	0.217480374	0.637748952	0.902809026	1.880815092	3.037679629	4.720290206	7.354840819	13.05253397	20.62907931	25.3304628	36.72938024	48.02719397	60.60765215	66.37728295	71.73746951
Belarus	0.0	0.0	0.0	0.0	0.0	0.0	0.0	0.0	0.0	0.0	0.0	0.0	0.0	0.0	0.0	0.0	0.0	0.0	0.0	0.0	0.0	0.0	0.0	0.0	0.0	0.0	0.0	0.0	0.0	0.0	0.0	0.0	0.0	0.003162103	0.016869419	0.057875715	0.064472565	0.080697147	0.120576083	0.23375711	0.494446704	1.394421246	4.695385079	11.42668966	23.03795343	42.41718896	61.95195003	72.61067076	85.05828031	101.6840082	108.8697059	113.1688625	113.5179254	118.786176	122.5011386

copied list: PUERTO RICO	0.0	0.0	0.0	0.0	0.0	0.0	0.0	0.0	0.0	0.0	0.0	0.0	0.0	0.0	0.0	0.0	0.0	0.0	0.0	0.0	0.0	0.0	0.0	0.0	0.0	0.0	0.0	0.114236685	0.251646404	0.33269872	0.57899638	0.940707549	1.672777882	2.622388239	4.784861682	7.778517686	8.845403321	9.795459071	15.38576626	21.48996378	34.71439546	42.85358211	43.40052831	45.15286159	48.97574889	53.00157426	58.63957269	65.03405211	68.21954813	72.93243111	79.09024816	83.97889108	82.55282485	83.64642094	87.11106333
St. Vincent and the Grenadines	99999.0	99999.0	99999.0	99999.0	99999.0	99999.0	99999.0	99999.0	99999.0	99999.0	99999.0	99999.0	99999.0	99999.0	99999.0	99999.0	99999.0	99999.0	99999.0	99999.0	99999.0	99999.0	99999.0	99999.0	99999.0	99999.0	99999.0	99999.0	99999.0	99999.0	99999.0	99999.0	99999.064814215	99999.076782889	99999.138723192	99999.198849448	99999.259072152	99999.320367404	99999.694939911	100000.316289547	100001.188198004	100005.937743659	100008.229773463	100057.06115198	100065.32154898	100063.93852817	100079.46608146	100100.326058	100118.1832023	100109.8605113	100119.5596619	100119.5309217	100115.1090946	100113.6334104	100104.1622459
European Union	0.0	0.0	0.0	0.0	0.0	0.0	0.0	0.0	0.0	0.0	0.0	0.0	0.0	0.0	0.0	0.0	0.0	0.0	0.0	0.0	0.005064459	0.010455902	0.014641232	0.022017047	0.033736759	0.059970029	0.099394983	0.172494402	0.290883796	0.468609861	0.647271896	0.88803523	1.180245548	1.773778201	2.896911981	4.555055819	7.189007007	11.51481484	19.70441779	33.91179565	53.57287113	64.80565912	70.93170081	77.89306636	85.94063784	95.79155903	105.012288	115.1562612	120.4838915	120.3930815	118.0482008	120.7642756	122.6314962	123.866203	123.3306652
Philippines	0.0	0.0	0.0	0.0	0.0	0.0	0.0	0.0	0.0	0.0	0.0	0.0	0.0	0.0	0.0	0.0	0.0	0.0	0.0	0.0	0.0	0.0	0.0	0.0	0.0	0.0	0.0	0.0	0.0	0.0	0.0	0.054508405	0.086226172	0.153945411	0.252609789	0.70950518	1.347232983	1.84611551	2.330392072	3.749085447	8.311919376	15.33355244	19.00223229	27.24973903	39.1016922	40.52493944	49.06786375	64.52260075	75.37478912	82.26097224	88.98361743	99.09141423	105.4510985	104.5023215	111.2187234
Luxembourg	0.0	0.0	0.0	0.0	0.0	0.0	0.0	0.0	0.0	0.0	0.0	0.0	0.0	0.0	0.0	0.0	0.0	0.0	0.0	0.0	0.0	0.0	0.0	0.0	0.0	0.01090251	0.079204698	0.101055831	0.144873303	0.176060533	0.215825454	0.294804301	0.286150081	1.280710464	3.204244164	6.575491484	10.8694602	16.0027049	30.64574459	48.5058015	69.54055275	92.94015273	106.6458636	120.5827345	104.0863873	111.3909232	152.9357005	143.7137566	145.0821859	144.5446442	143.1426406	148.1506658	145.3599468	148.6426713	149.4892513
Burkina Faso	0.0	0.0	0.0	0.0	0.0	0.0	0.0	0.0	0.0	0.0	0.0	0.0	0.0	0.0	0.0	0.0	0.0	0.0	0.0	0.0	0.0	0.0	0.0	0.0	0.0	0.0	0.0	0.0	0.0	0.0	0.0	0.0	0.0	0.0	0.0	0.0	0.00506143	0.014092851	0.024890963	0.044637705	0.217480374	0.637748952	0.902809026	1.880815092	3.037679629	4.720290206	7.354840819	13.05253397	20.62907931	25.3304628	36.72938024	48.02719397	60.60765215	66.37728295	71.73746951
European Union	0.0	0.0	0.0	0.0	0.0	0.0	0.0	0.0	0.0	0.0	0.0	0.0	0.0	0.0	0.0	0.0	0.0	0.0	0.0	0.0	0.005064459	0.010455902	0.014641232	0.022017047	0.033736759	0.059970029	0.099394983	0.172494402	0.290883796	0.468609861	0.647271896	0.88803523	1.180245548	1.773778201	2.896911981	4.555055819	7.189007007	11.51481484	19.70441779	33.91179565	53.57287113	64.80565912	70.93170081	77.89306636	85.94063784	95.79155903	105.012288	115.1562612	120.4838915	120.3930815	118.0482008	120.7642756	122.6314962	123.866203	123.3306652
Least developed countries: UN classification	0.0	0.0	0.0	0.0	0.0	0.0	0.0	0.0	0.0	0.0	0.0	0.0	0.0	0.0	0.0	0.0	0.0	0.0	0.0	0.0	0.0	0.0	0.0	0.0	0.0	0.0	0.0	0.0	0.0	0.0	0.0	0.0	4.58425E-4	0.002609506	0.005091104	0.009012752	0.015820307	0.029506766	0.064574532	0.11890128	0.265579314	0.532525425	1.000510153	1.683298372	2.826624561	4.98365434	9.121220811	15.06777953	21.63473382	26.47540811	33.43446897	42.62119165	49.03499329	56.34406728	63.80948577
Burkina Faso	0.0	0.0	0.0	0.0	0.0	0.0	0.0	0.0	0.0	0.0	0.0	0.0	0.0	0.0	0.0	0.0	0.0	0.0	0.0	0.0	0.0	0.0	0.0	0.0	0.0	0.0	0.0	0.0	0.0	0.0	0.0	0.0	0.0	0.0	0.0	0.0	0.00506143	0.014092851	0.024890963	0.044637705	0.217480374	0.637748952	0.902809026	1.880815092	3.037679629	4.720290206	7.354840819	13.05253397	20.62907931	25.3304628	36.72938024	48.02719397	60.60765215	66.37728295	71.73746951
Belarus	0.0	0.0	0.0	0.0	0.0	0.0	0.0	0.0	0.0	0.0	0.0	0.0	0.0	0.0	0.0	0.0	0.0	0.0	0.0	0.0	0.0	0.0	0.0	0.0	0.0	0.0	0.0	0.0	0.0	0.0	0.0	0.0	0.0	0.003162103	0.016869419	0.057875715	0.064472565	0.080697147	0.120576083	0.23375711	0.494446704	1.394421246	4.695385079	11.42668966	23.03795343	42.41718896	61.95195003	72.61067076	85.05828031	101.6840082	108.8697059	113.1688625	113.5179254	118.786176	122.5011386


Which index in the list do you want to replace?
5
Replaced index 5 with country named FakeCountry123
original list: Puerto Rico	0.0	0.0	0.0	0.0	0.0	0.0	0.0	0.0	0.0	0.0	0.0	0.0	0.0	0.0	0.0	0.0	0.0	0.0	0.0	0.0	0.0	0.0	0.0	0.0	0.0	0.0	0.0	0.114236685	0.251646404	0.33269872	0.57899638	0.940707549	1.672777882	2.622388239	4.784861682	7.778517686	8.845403321	9.795459071	15.38576626	21.48996378	34.71439546	42.85358211	43.40052831	45.15286159	48.97574889	53.00157426	58.63957269	65.03405211	68.21954813	72.93243111	79.09024816	83.97889108	82.55282485	83.64642094	87.11106333
St. Vincent and the Grenadines	0.0	0.0	0.0	0.0	0.0	0.0	0.0	0.0	0.0	0.0	0.0	0.0	0.0	0.0	0.0	0.0	0.0	0.0	0.0	0.0	0.0	0.0	0.0	0.0	0.0	0.0	0.0	0.0	0.0	0.0	0.0	0.0	0.064814215	0.076782889	0.138723192	0.198849448	0.259072152	0.320367404	0.694939911	1.316289547	2.188198004	6.937743659	9.229773463	58.06115198	66.32154898	64.93852817	80.46608146	101.326058	119.1832023	110.8605113	120.5596619	120.5309217	116.1090946	114.6334104	105.1622459
European Union	0.0	0.0	0.0	0.0	0.0	0.0	0.0	0.0	0.0	0.0	0.0	0.0	0.0	0.0	0.0	0.0	0.0	0.0	0.0	0.0	0.005064459	0.010455902	0.014641232	0.022017047	0.033736759	0.059970029	0.099394983	0.172494402	0.290883796	0.468609861	0.647271896	0.88803523	1.180245548	1.773778201	2.896911981	4.555055819	7.189007007	11.51481484	19.70441779	33.91179565	53.57287113	64.80565912	70.93170081	77.89306636	85.94063784	95.79155903	105.012288	115.1562612	120.4838915	120.3930815	118.0482008	120.7642756	122.6314962	123.866203	123.3306652
Philippines	0.0	0.0	0.0	0.0	0.0	0.0	0.0	0.0	0.0	0.0	0.0	0.0	0.0	0.0	0.0	0.0	0.0	0.0	0.0	0.0	0.0	0.0	0.0	0.0	0.0	0.0	0.0	0.0	0.0	0.0	0.0	0.054508405	0.086226172	0.153945411	0.252609789	0.70950518	1.347232983	1.84611551	2.330392072	3.749085447	8.311919376	15.33355244	19.00223229	27.24973903	39.1016922	40.52493944	49.06786375	64.52260075	75.37478912	82.26097224	88.98361743	99.09141423	105.4510985	104.5023215	111.2187234
Luxembourg	0.0	0.0	0.0	0.0	0.0	0.0	0.0	0.0	0.0	0.0	0.0	0.0	0.0	0.0	0.0	0.0	0.0	0.0	0.0	0.0	0.0	0.0	0.0	0.0	0.0	0.01090251	0.079204698	0.101055831	0.144873303	0.176060533	0.215825454	0.294804301	0.286150081	1.280710464	3.204244164	6.575491484	10.8694602	16.0027049	30.64574459	48.5058015	69.54055275	92.94015273	106.6458636	120.5827345	104.0863873	111.3909232	152.9357005	143.7137566	145.0821859	144.5446442	143.1426406	148.1506658	145.3599468	148.6426713	149.4892513
Burkina Faso	0.0	0.0	0.0	0.0	0.0	0.0	0.0	0.0	0.0	0.0	0.0	0.0	0.0	0.0	0.0	0.0	0.0	0.0	0.0	0.0	0.0	0.0	0.0	0.0	0.0	0.0	0.0	0.0	0.0	0.0	0.0	0.0	0.0	0.0	0.0	0.0	0.00506143	0.014092851	0.024890963	0.044637705	0.217480374	0.637748952	0.902809026	1.880815092	3.037679629	4.720290206	7.354840819	13.05253397	20.62907931	25.3304628	36.72938024	48.02719397	60.60765215	66.37728295	71.73746951
European Union	0.0	0.0	0.0	0.0	0.0	0.0	0.0	0.0	0.0	0.0	0.0	0.0	0.0	0.0	0.0	0.0	0.0	0.0	0.0	0.0	0.005064459	0.010455902	0.014641232	0.022017047	0.033736759	0.059970029	0.099394983	0.172494402	0.290883796	0.468609861	0.647271896	0.88803523	1.180245548	1.773778201	2.896911981	4.555055819	7.189007007	11.51481484	19.70441779	33.91179565	53.57287113	64.80565912	70.93170081	77.89306636	85.94063784	95.79155903	105.012288	115.1562612	120.4838915	120.3930815	118.0482008	120.7642756	122.6314962	123.866203	123.3306652
Bangladesh	0.0	0.0	0.0	0.0	0.0	0.0	0.0	0.0	0.0	0.0	0.0	0.0	0.0	0.0	0.0	0.0	0.0	0.0	0.0	0.0	0.0	0.0	0.0	0.0	0.0	0.0	0.0	0.0	0.0	0.0	0.0	0.0	2.22359E-4	4.3517E-4	9.40619E-4	0.0020856	0.00326795	0.020809104	0.058833439	0.114644643	0.210751714	0.385958523	0.784635571	0.980702181	1.969454675	6.28776238	13.20573922	23.46762823	30.16828408	34.35334451	44.94535882	55.19256723	62.82023906	74.42964608	80.03535051
Burkina Faso	0.0	0.0	0.0	0.0	0.0	0.0	0.0	0.0	0.0	0.0	0.0	0.0	0.0	0.0	0.0	0.0	0.0	0.0	0.0	0.0	0.0	0.0	0.0	0.0	0.0	0.0	0.0	0.0	0.0	0.0	0.0	0.0	0.0	0.0	0.0	0.0	0.00506143	0.014092851	0.024890963	0.044637705	0.217480374	0.637748952	0.902809026	1.880815092	3.037679629	4.720290206	7.354840819	13.05253397	20.62907931	25.3304628	36.72938024	48.02719397	60.60765215	66.37728295	71.73746951
Belarus	0.0	0.0	0.0	0.0	0.0	0.0	0.0	0.0	0.0	0.0	0.0	0.0	0.0	0.0	0.0	0.0	0.0	0.0	0.0	0.0	0.0	0.0	0.0	0.0	0.0	0.0	0.0	0.0	0.0	0.0	0.0	0.0	0.0	0.003162103	0.016869419	0.057875715	0.064472565	0.080697147	0.120576083	0.23375711	0.494446704	1.394421246	4.695385079	11.42668966	23.03795343	42.41718896	61.95195003	72.61067076	85.05828031	101.6840082	108.8697059	113.1688625	113.5179254	118.786176	122.5011386

copied list: PUERTO RICO	0.0	0.0	0.0	0.0	0.0	0.0	0.0	0.0	0.0	0.0	0.0	0.0	0.0	0.0	0.0	0.0	0.0	0.0	0.0	0.0	0.0	0.0	0.0	0.0	0.0	0.0	0.0	0.114236685	0.251646404	0.33269872	0.57899638	0.940707549	1.672777882	2.622388239	4.784861682	7.778517686	8.845403321	9.795459071	15.38576626	21.48996378	34.71439546	42.85358211	43.40052831	45.15286159	48.97574889	53.00157426	58.63957269	65.03405211	68.21954813	72.93243111	79.09024816	83.97889108	82.55282485	83.64642094	87.11106333
St. Vincent and the Grenadines	99999.0	99999.0	99999.0	99999.0	99999.0	99999.0	99999.0	99999.0	99999.0	99999.0	99999.0	99999.0	99999.0	99999.0	99999.0	99999.0	99999.0	99999.0	99999.0	99999.0	99999.0	99999.0	99999.0	99999.0	99999.0	99999.0	99999.0	99999.0	99999.0	99999.0	99999.0	99999.0	99999.064814215	99999.076782889	99999.138723192	99999.198849448	99999.259072152	99999.320367404	99999.694939911	100000.316289547	100001.188198004	100005.937743659	100008.229773463	100057.06115198	100065.32154898	100063.93852817	100079.46608146	100100.326058	100118.1832023	100109.8605113	100119.5596619	100119.5309217	100115.1090946	100113.6334104	100104.1622459
European Union	0.0	0.0	0.0	0.0	0.0	0.0	0.0	0.0	0.0	0.0	0.0	0.0	0.0	0.0	0.0	0.0	0.0	0.0	0.0	0.0	0.005064459	0.010455902	0.014641232	0.022017047	0.033736759	0.059970029	0.099394983	0.172494402	0.290883796	0.468609861	0.647271896	0.88803523	1.180245548	1.773778201	2.896911981	4.555055819	7.189007007	11.51481484	19.70441779	33.91179565	53.57287113	64.80565912	70.93170081	77.89306636	85.94063784	95.79155903	105.012288	115.1562612	120.4838915	120.3930815	118.0482008	120.7642756	122.6314962	123.866203	123.3306652
Philippines	0.0	0.0	0.0	0.0	0.0	0.0	0.0	0.0	0.0	0.0	0.0	0.0	0.0	0.0	0.0	0.0	0.0	0.0	0.0	0.0	0.0	0.0	0.0	0.0	0.0	0.0	0.0	0.0	0.0	0.0	0.0	0.054508405	0.086226172	0.153945411	0.252609789	0.70950518	1.347232983	1.84611551	2.330392072	3.749085447	8.311919376	15.33355244	19.00223229	27.24973903	39.1016922	40.52493944	49.06786375	64.52260075	75.37478912	82.26097224	88.98361743	99.09141423	105.4510985	104.5023215	111.2187234
Luxembourg	0.0	0.0	0.0	0.0	0.0	0.0	0.0	0.0	0.0	0.0	0.0	0.0	0.0	0.0	0.0	0.0	0.0	0.0	0.0	0.0	0.0	0.0	0.0	0.0	0.0	0.01090251	0.079204698	0.101055831	0.144873303	0.176060533	0.215825454	0.294804301	0.286150081	1.280710464	3.204244164	6.575491484	10.8694602	16.0027049	30.64574459	48.5058015	69.54055275	92.94015273	106.6458636	120.5827345	104.0863873	111.3909232	152.9357005	143.7137566	145.0821859	144.5446442	143.1426406	148.1506658	145.3599468	148.6426713	149.4892513
FakeCountry123	10.0
European Union	0.0	0.0	0.0	0.0	0.0	0.0	0.0	0.0	0.0	0.0	0.0	0.0	0.0	0.0	0.0	0.0	0.0	0.0	0.0	0.0	0.005064459	0.010455902	0.014641232	0.022017047	0.033736759	0.059970029	0.099394983	0.172494402	0.290883796	0.468609861	0.647271896	0.88803523	1.180245548	1.773778201	2.896911981	4.555055819	7.189007007	11.51481484	19.70441779	33.91179565	53.57287113	64.80565912	70.93170081	77.89306636	85.94063784	95.79155903	105.012288	115.1562612	120.4838915	120.3930815	118.0482008	120.7642756	122.6314962	123.866203	123.3306652
Least developed countries: UN classification	0.0	0.0	0.0	0.0	0.0	0.0	0.0	0.0	0.0	0.0	0.0	0.0	0.0	0.0	0.0	0.0	0.0	0.0	0.0	0.0	0.0	0.0	0.0	0.0	0.0	0.0	0.0	0.0	0.0	0.0	0.0	0.0	4.58425E-4	0.002609506	0.005091104	0.009012752	0.015820307	0.029506766	0.064574532	0.11890128	0.265579314	0.532525425	1.000510153	1.683298372	2.826624561	4.98365434	9.121220811	15.06777953	21.63473382	26.47540811	33.43446897	42.62119165	49.03499329	56.34406728	63.80948577
Burkina Faso	0.0	0.0	0.0	0.0	0.0	0.0	0.0	0.0	0.0	0.0	0.0	0.0	0.0	0.0	0.0	0.0	0.0	0.0	0.0	0.0	0.0	0.0	0.0	0.0	0.0	0.0	0.0	0.0	0.0	0.0	0.0	0.0	0.0	0.0	0.0	0.0	0.00506143	0.014092851	0.024890963	0.044637705	0.217480374	0.637748952	0.902809026	1.880815092	3.037679629	4.720290206	7.354840819	13.05253397	20.62907931	25.3304628	36.72938024	48.02719397	60.60765215	66.37728295	71.73746951
Belarus	0.0	0.0	0.0	0.0	0.0	0.0	0.0	0.0	0.0	0.0	0.0	0.0	0.0	0.0	0.0	0.0	0.0	0.0	0.0	0.0	0.0	0.0	0.0	0.0	0.0	0.0	0.0	0.0	0.0	0.0	0.0	0.0	0.0	0.003162103	0.016869419	0.057875715	0.064472565	0.080697147	0.120576083	0.23375711	0.494446704	1.394421246	4.695385079	11.42668966	23.03795343	42.41718896	61.95195003	72.61067076	85.05828031	101.6840082	108.8697059	113.1688625	113.5179254	118.786176	122.5011386
